  1  1  2  2  8  1  1  0  1  6  5  3  3
  1 12  6  0  4  3  2  0  4  1  4  3  1
  1  8  4  1  6  3  1  0  3  5  4  2  2
  1  9  5  1  5  1  1  0  1  4  3  3  1
  1  9  4  1  3  1  2  0  2  5  3  2  1
  1 10  3  0  6  2  2  0  1  5  5  3  2
  1 18  1  0  2  1  2  0  1  6  6  2  1
  1  3  4  0  8  2  2  0  1  5  6  1  1
  1 11  2  2  4  1  1  0  1  6  1  2  3
  1  2  4  1  3  2  1  0  4  5  6  3  1
  1  4  2  2  8  2  2  0  2  6  5  4  2
  1  5  5  0  3  1  2  0  1  4  6  1  1
  1  2  6  1  8  1  1  0  1  2  2  3  1
  1 15  5  1  2  3  2  0  4  4  5  3  1
  1  4  4  0  4  2  2  0  1  5  6  9  1
  1 15  5  2  4  1  1  0  1  3  1  2  2
  1 18  4  0  2  1  1  0  2  4  5  2  1
  1  5  5  1  4  1  2  0  2  5  6  3  1
  1 11  1  1  2  2  3  0  2  6  9  3  2
  1  2  4  2  8  1  1  0  2  4  3  3  2
  1  8  5  2  3  3  2  0  2  4  5  9  3
  1  7  6  2  3  2  2  1  3  3  4  2  3
  1  5  4  2  5  3  2  0  3  5  4  2  3
  1  4  5  1  5  1  2  0  2  1  4  2  2
  1  3  6  1  3  2  2  1  4  3  4  1  1
  1  6  3  1  3  2  2  0  1  5  5  1  1
  1  1  4  2  4  2  2  1  2  5  4  3  3
  1  5  5  2  8  3  1  0  1  4  3  2  2
  1  3  3  2  4  1  2  0  2  4  5  2  2
  1 15  6  1  3  3  1  0  4  3  4  1  1
  1  5  5  1  8  3  1  0  3  4  6  2  2
  1  7  1  1  4  1  1  0  2  6  3  3  2
  1  6  5  0  3  1  2  0  3  4  5  1  1
  1 14  1  0  2  1  2  0  9  6  2  2  1
  1  4  4  1  4  3  1  0  3  5  4  3  1
  1  8  3  1  5  3  1  0  3  5  5  2  2
  1  8  4  2  7  1  1  0  4  4  3  3  2
  1 14  1  0  2  1  3  0  1  6  2  1  1
  1 18  1  1  1  1  1  0  3  6  4  9  1
  1 98  5  2  4  3  2  9  3  3  9  3  4
  1 98  3  2  5  1  2  0  1  5  1  3  4
  1 98  2  2  6  2  2  0  3  6  5  4  4
  1 98  3  2  2  2  1  0  9  5  5  3  4
  1 98  5  2  6  2  1  0  3  3  2  3  4
  1 98  2  2  5  1  2  0  2  6  6  3  4
  1 98  3  2  8  1  1  0  1  5  2  3  4
  1 98  2  2  7  1  1  0  1  6  2  3  4
  1 98  3  1  3  3  1  0  2  5  4  2  4
  1 98  3  2  2  1  1  0  1  6  3  4  4
  1 98  4  2  4  2  2  0  1  5  4  3  4
  1 98  4  2  5  1  2  0  2  4  6  4  4
  1 98  4  2  8  1  3  9  1  5  6  2  4
  1 98  2  2  3  3  2  0  3  6  6  2  4
  1 98  5  2  5  3  1  0  2  3  3  2  4
  1 98  3  2  5  1  1  1  1  5  9  3  4
  1 98  1  2  3  1  1  0  1  6  9  3  4
  1 98  3  1  4  1  2  0  1  5  6  2  4
  1  4  2  1  3  3  2  0  4  6  4  1  4
  1 98  6  0  4  1  2  0  3  1  1  2  4
  1 98  6  2  2  3  2  0  3  1  2  3  4
  1 98  4  2  4  3  2  1  4  5  4  2  4
  1 98  5  1  5  1  2  0  2  3  3  2  4
  1 98  6  2  4  1  1  0  1  3  4  3  4
  1 98  6  0  6  2  3  0  3  1  1  2  4
  1 98  6  1  2  3  2  0  4  2  4  2  4
  1 98  5  2  4  3  2  1  3  3  5  3  4
  1 98  6  0  4  1  1  0  1  2  2  2  4
  1 98  6  2  2  1  1  0  1  1  3  3  4
  1 98  4  1  2  1  1  0  1  2  6  3  4
  1 11  1  1  5  1  2  0  9  6  9  3  2
  1 98  1  2  7  1  2  0  1  6  2  9  2
  1 18  2  1  3  2  2  0  3  6  5  2  2
  1 12  4  0  1  9  9  9  1  5  3  1  1
  1 12  4  0  1  1  2  0  2  3  5  1  1
  1  1  3  0  1  1  1  0  1  5  5  9  1
  1  6  3  1  5  1  2  0  9  4  6  2  1
  1  7  4  2  6  1  1  1  1  5  5  2  3
  1  1  3  2  7  3  1  0  2  5  3  2  3
  1  6  4  2  4  2  2  9  1  5  5  3  1
  1 18  1  1  3  1  1  0  1  6  4  2  1
  1  4  4  1  5  2  2  0  1  4  4  1  2
  1 18  1  0  6  1  1  0  1  6  3  3  2
  1 98  4  2  4  3  2  9  3  4  6  2  4
  1 98  5  2  3  1  1  0  3  4  3  3  4
  1 98  5  0  8  1  2  0  1  3  1  3  4
  1 99  6  0  1  2  2  0  3  2  9  4  4
  1 98  6  2  5  3  1  0  3  2  9  9  4
  1 98  3  2  8  3  2  0  2  3  9  3  4
  1 99  3  2  3  1  1  0  9  5  9  9  4
  1 98  2  1  7  1  2  0  1  3  9  9  4
  1  7  9  9  5  9  9  9  9  6  9  9  3
  1  6  1  2  7  2  2  0  1  6  2  3  3
  1  1  2  2  8  1  1  0  1  6  2  1  2
  1  2  4  1  7  1  2  0  1  5  3  3  2
  1  5  5  0  4  3  1  0  4  4  3  4  2
  1 13  4  1  2  2  1  0  2  5  1  9  2
  1  4  2  0  1  1  2  0  2  3  3  1  1
  1  3  5  0  6  1  2  0  9  3  2  3  2
  1 98  3  2  6  1  1  0  1  4  6  2  4
  1 98  5  2  7  1  2  0  1  3  1  3  4
  1 98  2  2  4  2  1  0  2  6  3  3  4
  1 98  6  2  4  1  2  0  2  3  2  3  4
  1 98  5  0  2  2  2  0  4  3  2  2  4
  1 98  5  1  5  1  1  0  1  3  6  3  4
  1  7  4  0  4  1  2  0  1  4  5  3  1
  1 98  2  2  4  2  3  9  2  6  9  3  4
  1 98  1  1  1  1  1  9  9  6  4  1  1
  1 18  1  1  3  1  1  0  1  6  5  1  1
  1 99  2  9  9  3  9  0  3  6  9  9  4
  1 99  9  9  9  9  9  9  9  2  9  9  4
  1 99  9  9  9  9  9  9  9  9  9  9  9
  1 99  9  9  9  9  9  9  9  9  9  9  9
  1 99  9  9  9  9  9  9  9  9  9  9  9
  1 99  9  9  9  9  9  9  9  9  9  9  9
  1 99  9  9  9  9  9  9  9  9  9  9  9
  1 99  9  9  9  9  9  9  9  9  9  9  9
  1 99  9  9  9  9  9  9  9  9  9  9  9
  2 98  3  2  7  1  2  0  2  5  5  2  2
  2  1  6  1  2  1  2  0  1  4  4  3  1
  2 98  3  2  3  1  1  0  1  5  5  2  1
  2  7  6  0  2  1  2  0  1  1  2  3  2
  2  6  4  1  8  1  2  0  2  4  4  2  2
  2  1  4  2  4  3  2  0  1  5  5  3  1
  2 18  1  0  1  1  2  0  9  5  5  1  2
  2  7  2  2  3  1  2  0  1  6  5  1  1
  2  6  5  2  3  3  2  0  4  3  4  3  3
  2  1  3  2  5  1  1  0  1  6  4  1  1
  2  2  1  1  3  1  1  0  2  6  5  3  1
  2  5  6  2  3  3  1  0  2  2  3  3  3
  2  1  3  0  2  2  1  1  4  4  6  2  1
  2  1  5  1  4  1  1  0  1  1  4  1  1
  2  2  3  2  2  1  2  0  1  5  5  3  1
  2  2  6  2  8  3  2  0  3  4  6  3  1
  2 11  2  0  4  1  2  0  9  4  3  9  1
  2  5  5  0  5  2  1  0  2  4  2  2  2
  2 17  4  1  2  1  3  0  1  4  6  1  1
  2  7  6  1  2  1  1  0  1  3  4  2  1
  2 98  5  2  3  2  2  0  3  3  2  3  4
  2 98  2  2  5  1  2  0  1  6  3  3  4
  2 98  6  2  8  2  2  0  2  3  2  3  4
  2 98  4  2  7  1  2  0  1  4  3  2  4
  2 98  3  2  4  1  1  0  1  5  5  3  4
  2 98  5  2  3  3  2  0  2  3  9  3  4
  2 98  6  2  5  2  3  0  2  3  2  2  4
  2 98  2  2  5  2  2  1  2  6  6  3  4
  2 98  6  1  3  3  1  0  2  1  9  2  4
  2 98  4  2  4  1  9  0  3  4  4  3  4
  2 98  4  2  8  1  2  0  1  5  5  3  4
  2 98  6  1  2  3  2  0  1  1  1  1  4
  2 98  5  2  4  2  2  0  2  3  3  2  4
  2  1  3  2  4  1  1  0  2  4  5  2  3
  2 18  2  2  8  1  1  0  9  6  5  1  1
  2  9  6  1  8  1  2  0  1  3  5  2  2
  2  9  3  1  5  1  2  0  9  3  9  1  1
  2 18  5  1  5  1  3  0  1  5  6  2  4
  2  7  5  0  2  1  1  0  1  3  3  9  1
  2 98  2  2  7  1  1  0  1  6  6  2  4
  2 98  4  1  3  3  1  0  1  5  5  3  4
  2 98  2  2  6  1  1  0  3  6  5  9  4
  2 98  6  2  3  1  1  0  1  1  2  2  4
  2 98  3  2  2  9  9  9  9  5  4  9  4
  2 99  4  9  9  9  9  9  9  4  9  9  4
  2 99  9  9  9  9  9  9  9  8  9  9  4
  2 99  2  0  9  9  9  9  9  6  9  9  4
  2 99  1  1  9  1  9  9  3  6  9  9  4
  2 99  9  9  9  9  9  9  9  9  9  9  9
  2 99  9  9  9  9  9  9  9  9  9  9  9
  3  2  4  0  5  2  2  0  2  5  6  3  2
  3 18  2  1  2  1  1  0  1  6  6  1  1
  3 18  6  0  4  3  2  0  2  1  1  3  2
  3  4  3  1  2  1  1  0  1  6  6  3  1
  3 18  4  2  3  1  2  0  2  5  6  1  1
  3  5  1  1  4  1  1  0  1  6  3  3  2
  3  7  4  2  5  3  2  0  3  2  5  3  1
  3 18  1  1  5  1  1  0  2  6  4  3  2
  3  3  5  1  3  1  2  0  1  3  4  3  2
  3 15  3  2  2  1  1  0  2  5  6  3  1
  3 16  1  2  3  3  1  0  1  6  6  2  4
  3  7  5  1  2  1  1  0  1  4  5  2  1
  3  6  4  1  3  1  2  1  9  4  4  3  2
  3  6  5  0  3  3  1  0  3  4  5  4  3
  3  5  4  2  7  1  2  1  1  5  3  3  4
  3 98  3  2  4  3  2  0  2  4  6  3  4
  3 98  4  0  3  1  2  0  3  2  1  3  4
  3 98  3  2  4  2  1  0  3  4  6  3  4
  3 98  6  2  5  1  1  0  1  2  1  3  4
  3 98  4  2  3  3  2  0  3  4  4  3  4
  3 98  6  2  3  1  1  0  1  3  6  2  4
  3 98  3  0  3  1  1  0  1  6  6  3  4
  3 98  4  2  7  1  1  0  1  5  6  3  4
  3 98  2  2  6  1  1  0  1  5  9  3  4
  3 98  4  2  3  1  1  0  2  4  9  3  4
  3 98  4  2  2  3  1  0  2  3  2  3  4
  3 98  3  2  3  2  2  0  2  4  3  3  4
  3  3  4  0  3  1  1  0  9  5  9  3  1
  3 13  5  1  5  3  1  0  9  1  4  3  2
  3 11  3  0  3  1  2  0  1  2  6  1  1
  3  8  2  2  8  1  2  0  2  6  6  3  3
  3  3  3  1  4  1  2  1  1  5  6  1  1
  3  2  2  0  3  1  2  0  1  2  2  2  1
  3 98  1  0  3  1  1  0  1  6  5  9  4
  3 99  1  9  9  9  9  9  3  6  9  9  4
  3 99  9  9  9  9  9  9  9  3  9  1  4
  3 99  2  9  9  9  9  9  1  2  9  9  4
  3 99  9  2  9  9  9  9  9  1  9  9  4
  3 99  9  9  9  9  9  9  9  9  9  9  9
  3 99  9  9  9  9  9  9  9  9  9  9  9
  3 99  9  9  9  9  9  9  9  9  9  9  9
  3 99  9  9  9  9  9  9  9  9  9  9  9
  3 99  9  9  9  9  9  9  9  9  9  9  9
  3 99  9  9  9  9  9  9  9  9  9  9  9
  4 18  4  1  3  1  1  0  1  4  5  2  1
  4 18  4  0  3  1  1  0  1  1  6  2  1
  4  4  6  1  5  2  2  1  1  3  3  3  1
  4  5  4  0  3  1  1  1  1  5  5  2  1
  4  8  4  1  5  3  2  0  1  4  6  9  2
  4  4  1  2  7  1  2  0  2  6  4  3  2
  4  3  6  0  3  3  1  1  4  3  3  3  2
  4  8  3  1  1  1  1  0  1  6  6  2  1
  4 13  4  0  2  1  1  0  1  4  5  2  1
  4  6  4  0  5  3  2  0  2  4  4  2  3
  4  3  6  0  4  2  1  0  2  2  4  3  2
  4  6  3  2  6  1  1  0  2  4  5  3  1
  4 14  6  1  4  1  1  0  1  3  4  3  1
  4  7  4  1  2  2  1  1  2  4  5  1  1
  4  4  4  1  5  3  9  1  2  5  6  1  1
  4 14  6  1  6  2  2  0  4  1  9  3  3
  4 98  1  2  2  2  1  0  3  6  5  1  1
  4  7  5  2  4  1  2  0  1  4  4  3  3
  4 98  4  1  7  3  1  1  4  4  3  3  4
  4 98  2  2  8  1  1  0  2  5  9  3  4
  4 98  5  2  5  3  2  1  3  3  6  3  4
  4 98  5  2  4  3  1  1  4  3  6  3  4
  4 98  3  2  3  1  2  0  3  4  2  2  4
  4 98  3  2  7  1  1  0  1  5  5  3  4
  4 98  5  2  4  1  1  0  2  4  9  3  4
  4 98  4  2  4  1  2  1  1  4  3  3  4
  4 98  2  2  6  1  1  0  3  4  3  3  4
  4 98  1  2  5  3  2  0  2  6  2  3  4
  4 98  3  2  9  1  1  1  1  6  3  3  4
  4 16  2  1  4  9  9  9  9  6  9  3  1
  4 98  4  1  5  1  2  0  3  5  9  2  4
  4 98  4  2  4  1  1  0  3  4  2  2  4
  4 99  9  9  9  9  9  9  9  9  9  9  9
  4 99  9  9  9  9  9  9  9  9  9  9  9
  4 99  9  9  9  9  9  9  9  9  9  9  9